\ENCODING=ISO-8859-1
\Problem name: inst_14_cut_n6

Maximize
 obj1: 20 x0 + 76 x1
Subject To
 c0:    8 x0 + 48 x1 + s0 <= 136
 c1:    91 x0 + 66 x1 + s1 <= 145
 c2:    77 x0 + 93 x1 + s2 <= 195
 c3:    22 x0 + 15 x1 + s3 <= 92
 c4:    71 x0 + 88 x1 + s4 <= 9
 c5:    99 x0 + 97 x1 + s5 <= 155
 c6:    75 x0 + 24 x1 + s6 <= 169
 c7:    59 x0 + 4 x1 + s7 <= 31
 c8:    85 x0 + 61 x1 + s8 <= 173
 c9:    85 x0 + 55 x1 + s9 <= 13
 cut_1: 32 x0 + 40 x1 <= 4
 cut_2: 17 x0 + 22 x1 <= 2
 cut_3: 66 x0 + 83 x1 <= 7.99999999999999
 cut_4: 58 x0 + 73 x1 <= 7
 cut_5: x1 <= 0
 cut_6: 63 x0 + 79 x1 <= 7.99999999999999
Bounds
 0 <= x0 <= 1
 0 <= x1 <= 1
End
