\ENCODING=ISO-8859-1
\Problem name: inst_1_cut_n14

Maximize
 obj1: 52 x0 + 25 x1 + 95 x2 + 68 x3 + 45 x4 + 66 x5 + 5 x6
Subject To
 c0:     4 x0 + 40 x1 + 66 x2 + x3 + x4 + 95 x5 + 83 x6 + s0 <= 299
 c1:     49 x0 + 61 x1 + 59 x2 + 65 x3 + 51 x4 + 49 x5 + 16 x6 + s1 <= 114
 c2:     85 x0 + 16 x1 + 56 x2 + 84 x3 + 54 x4 + 29 x5 + 22 x6 + s2 <= 40
 c3:     41 x0 + 80 x1 + 72 x2 + 63 x3 + 87 x4 + 8 x5 + 56 x6 + s3 <= 230
 c4:     43 x0 + 65 x1 + 56 x2 + 7 x3 + 33 x4 + 23 x5 + 24 x6 + s4 <= 138
 c5:     49 x0 + 96 x1 + 11 x2 + 48 x3 + 51 x4 + 18 x5 + 26 x6 + s5 <= 554
 c6:     39 x0 + 68 x1 + 13 x2 + 42 x3 + 12 x4 + 18 x5 + 18 x6 + s6 <= 484
 c7:     25 x0 + 88 x1 + 92 x2 + 44 x3 + 87 x4 + 35 x5 + 27 x6 + s7 <= 131
 c8:     84 x0 + 68 x1 + 4 x2 + 13 x3 + 36 x4 + 73 x5 + 42 x6 + s8 <= 68
 c9:     32 x0 + 78 x1 + 51 x2 + 71 x3 + 36 x4 + 7 x5 + 31 x6 + s9 <= 593
 c10:    31 x0 + 2 x1 + 57 x2 + 88 x3 + 31 x4 + 8 x5 + 6 x6 + s10 <= 397
 c11:    12 x0 + 2 x1 + 11 x2 + 81 x3 + 54 x4 + 20 x5 + 68 x6 + s11 <= 544
 c12:    63 x0 + 33 x1 + 9 x2 + 40 x3 + 91 x4 + 72 x5 + x6 + s12 <= 489
 c13:    94 x0 + 29 x1 + 77 x2 + 62 x3 + 83 x4 + x5 + 97 x6 + s13 <= 10
 c14:    17 x0 + 19 x1 + 27 x2 + 49 x3 + 67 x4 + 57 x5 + 64 x6 + s14 <= 151
 cut_1:  79 x0 + 54 x1 + 19 x2 + 22 x3 + 42 x4 + 52 x5 + 50 x6 <= 50
 cut_2:  53 x0 + 30 x1 + 22 x2 + 21 x3 + 34 x4 + 25 x5 + 40 x6 <= 25
 cut_3:  85 x0 + 68 x1 + 5 x2 + 13 x3 + 37 x4 + 73 x5 + 43 x6 <= 68
 cut_4:  82 x0 + 63 x1 + 9.00000000000001 x2 + 16 x3 + 38 x4 + 66 x5 + 44 x6
         <= 62
 cut_5:  85 x0 + 55 x1 + 25 x2 + 26 x3 + 48 x4 + 51 x5 + 57 x6 <= 50
 cut_6:  145 x0 + 76 x1 + 70 x2 + 63 x3 + 99 x4 + 56 x5 + 116 x6
         <= 59.9999999999999
 cut_7:  142 x0 + 75 x1 + 68 x2 + 62 x3 + 97 x4 + 56 x5 + 113 x6 <= 59
 cut_8:  123 x0 + 60 x1 + 66 x2 + 58 x3 + 88 x4 + 40 x5 + 102 x6 <= 44
 cut_9:  95 x0 + 29 x1 + 77 x2 + 62 x3 + 83 x4 + 2 x5 + 97 x6 <= 10
 cut_10: 108 x0 + 72 x1 + 30 x2 + 33 x3 + 61 x4 + 67 x5 + 71 x6 <= 65
 cut_11: 100 x0 + 68 x1 + 24 x2 + 28 x3 + 54 x4 + 66 x5 + 63 x6 <= 63
 cut_12: 143 x0 + 74 x1 + 70 x2 + 63 x3 + 98 x4 + 54 x5 + 115 x6
         <= 58.0000000000001
 cut_13: 89 x0 + 28 x1 + 72 x2 + 58 x3 + 78 x4 + 2.00000000000001 x5 + 91 x6
         <= 10
 cut_14: 78 x0 + 50 x1 + 25 x2 + 26 x3 + 46 x4 + 45 x5 + 54 x6 <= 44
Bounds
 0 <= x0 <= 1
 0 <= x1 <= 1
 0 <= x2 <= 1
 0 <= x3 <= 1
 0 <= x4 <= 1
 0 <= x5 <= 1
 0 <= x6 <= 1
End
