\ENCODING=ISO-8859-1
\Problem name: inst_12_cut_n8

Maximize
 obj1: 4 x0 + x1 + 45 x2 + 99 x3 + 44 x4
Subject To
 c0:    22 x0 + 91 x1 + 74 x2 + 24 x3 + 70 x4 + s0 <= 437
 c1:    19 x0 + 91 x1 + 27 x2 + 74 x3 + 15 x4 + s1 <= 19
 c2:    6 x0 + 59 x1 + 20 x2 + 51 x3 + 79 x4 + s2 <= 476
 c3:    48 x0 + 97 x1 + 82 x2 + 4 x3 + 25 x4 + s3 <= 452
 c4:    16 x0 + 69 x1 + 8 x2 + 41 x3 + 30 x4 + s4 <= 342
 c5:    57 x0 + 35 x1 + 76 x2 + 10 x3 + 36 x4 + s5 <= 482
 c6:    73 x0 + 39 x1 + 83 x2 + 63 x3 + 28 x4 + s6 <= 393
 c7:    46 x0 + 40 x1 + 6 x2 + 75 x3 + 23 x4 + s7 <= 273
 c8:    99 x0 + 38 x1 + 11 x2 + 64 x3 + 95 x4 + s8 <= 411
 cut_1: 4 x0 + 23 x1 + 7.00000000000001 x2 + 19 x3 + 3 x4 <= 4.00000000000001
 cut_2: 3 x1 + x2 + 2 x3 <= 0
 cut_3: 4 x0 + 23 x1 + 7 x2 + 19 x3 + 3 x4 <= 4
 cut_4: 18 x0 + 87 x1 + 26 x2 + 71 x3 + 14 x4 <= 18
 cut_5: 13 x0 + 64 x1 + 19 x2 + 52 x3 + 10 x4 <= 13
 cut_6: 3 x0 + 16 x1 + 5 x2 + 13 x3 + 2 x4 <= 2.99999999999998
 cut_7: 17 x0 + 84 x1 + 25 x2 + 68 x3 + 13 x4 <= 17
 cut_8: 14 x0 + 70 x1 + 21 x2 + 57 x3 + 11 x4 <= 14
Bounds
 0 <= x0 <= 1
 0 <= x1 <= 1
 0 <= x2 <= 1
 0 <= x3 <= 1
 0 <= x4 <= 1
End
